/*--------------------------------*- C++ -*----------------------------------*\
| =========                 |                                                 |
| \\      /  F ield         | OpenFOAM: The Open Source CFD Toolbox           |
|  \\    /   O peration     | Version:  v2012                                 |
|   \\  /    A nd           | Website:  www.openfoam.com                      |
|    \\/     M anipulation  |                                                 |
\*---------------------------------------------------------------------------*/
FoamFile
{
    version     2.0;
    format      ascii;
    class       labelList;
    note        "nPoints:4528  nCells:2101  nFaces:8566  nInternalFaces:4097";
    location    "constant/polyMesh";
    object      neighbour;
}
// * * * * * * * * * * * * * * * * * * * * * * * * * * * * * * * * * * * * * //


4097
(
217
524
1045
1047
7
8
10
817
4
11
291
1067
10
11
837
981
5
14
215
217
1045
1067
48
279
604
763
50
289
795
9
51
289
10
11
291
818
1066
211
213
283
448
213
214
216
475
216
217
502
53
61
63
84
55
61
64
66
57
64
67
69
59
67
70
72
60
70
73
536
63
218
220
295
66
218
221
223
69
221
224
226
72
224
227
229
73
227
230
543
220
231
233
298
223
231
234
236
226
234
237
239
229
237
240
241
230
240
551
553
233
242
244
301
236
242
245
247
239
245
248
250
241
248
251
557
244
252
254
304
247
252
255
257
250
255
258
260
251
258
261
562
254
262
264
373
257
262
265
267
260
265
268
270
261
268
271
564
264
272
274
397
267
272
275
277
270
275
278
280
271
278
736
738
274
281
283
421
277
281
284
286
280
284
287
211
286
288
290
287
288
794
214
290
291
53
55
61
55
57
64
57
59
67
59
60
70
62
63
66
218
85
65
66
69
221
68
69
72
224
71
72
73
227
537
81
83
81
84
86
83
292
294
307
86
292
295
297
297
298
300
319
300
301
303
334
303
304
306
352
82
83
86
292
168
85
86
295
172
174
169
172
307
309
171
175
310
312
174
310
313
315
309
313
316
318
294
316
319
321
177
178
322
324
312
322
325
327
315
325
328
330
318
328
331
333
321
331
334
336
180
181
337
339
324
337
340
342
327
340
343
345
330
343
346
348
333
346
349
351
336
349
352
354
183
184
186
188
186
339
355
357
342
355
358
360
345
358
361
363
348
361
364
366
351
364
367
369
354
367
370
372
306
370
373
375
189
191
188
189
376
378
357
376
379
381
360
379
382
384
363
382
385
387
366
385
388
390
369
388
391
393
372
391
394
396
375
394
397
399
191
192
194
196
194
378
400
402
381
400
403
405
384
403
406
408
387
406
409
411
390
409
412
414
393
412
415
417
396
415
418
420
399
418
421
423
196
197
424
426
402
424
427
429
405
427
430
432
408
430
433
435
411
433
436
438
414
436
439
441
417
439
442
444
420
442
445
447
423
445
448
450
199
200
202
200
426
451
453
429
451
454
456
432
454
457
459
435
457
460
462
438
460
463
465
441
463
466
468
444
466
469
471
447
469
472
474
450
472
475
477
202
203
205
203
453
478
480
456
478
481
483
459
481
484
486
462
484
487
489
465
487
490
492
468
490
493
495
471
493
496
498
474
496
499
501
477
499
502
504
205
206
891
206
480
505
903
483
505
506
905
486
506
507
907
489
507
508
908
492
508
510
512
495
510
513
515
498
513
516
518
515
519
520
924
169
307
171
174
310
173
174
309
313
176
177
312
322
179
180
324
337
182
183
186
339
185
188
189
187
188
357
376
190
191
194
378
193
196
197
195
196
402
424
198
199
200
426
201
202
203
453
204
205
206
480
890
501
516
521
523
504
521
524
525
518
520
526
948
523
526
1074
1076
212
282
213
214
290
449
215
216
291
476
503
219
220
223
231
296
222
223
226
234
225
226
229
237
228
229
230
240
544
232
233
236
242
299
235
236
239
245
238
239
241
248
550
550
243
244
247
252
302
246
247
250
255
249
250
251
258
558
253
254
257
262
305
256
257
260
265
259
260
261
268
563
263
264
267
272
374
266
267
270
275
269
270
271
278
711
273
274
277
281
398
276
277
280
284
279
280
738
282
283
286
422
285
286
287
288
763
289
290
293
294
297
319
308
296
297
298
299
300
301
320
302
303
304
335
305
306
373
353
308
309
316
311
312
315
325
314
315
318
328
317
318
321
331
320
321
334
323
324
327
340
326
327
330
343
329
330
333
346
332
333
336
349
335
336
352
338
339
342
355
341
342
345
358
344
345
348
361
347
348
351
364
350
351
354
367
353
354
370
356
357
360
379
359
360
363
382
362
363
366
385
365
366
369
388
368
369
372
391
371
372
375
394
374
375
397
377
378
381
400
380
381
384
403
383
384
387
406
386
387
390
409
389
390
393
412
392
393
396
415
395
396
399
418
398
399
421
401
402
405
427
404
405
408
430
407
408
411
433
410
411
414
436
413
414
417
439
416
417
420
442
419
420
423
445
422
423
448
425
426
429
451
428
429
432
454
431
432
435
457
434
435
438
460
437
438
441
463
440
441
444
466
443
444
447
469
446
447
450
472
449
450
475
452
453
456
478
455
456
459
481
458
459
462
484
461
462
465
487
464
465
468
490
467
468
471
493
470
471
474
496
473
474
477
499
476
477
502
479
480
483
505
482
483
486
506
485
486
489
507
488
489
492
508
491
492
495
510
494
495
498
513
497
498
501
516
500
501
504
521
503
504
524
902
904
906
509
512
908
918
511
512
515
519
877
514
515
518
520
517
518
523
526
877
921
923
522
523
525
1074
1073
1071
1073
1354
536
538
540
538
542
540
543
545
547
542
545
548
549
547
551
554
556
549
554
666
668
553
557
559
561
556
559
675
677
561
562
690
692
537
540
543
539
540
542
545
542
548
632
544
547
551
546
547
549
554
568
665
665
553
557
552
553
556
559
555
556
668
675
558
561
562
560
561
677
690
563
564
692
585
711
661
663
816
834
664
833
841
1809
664
836
1810
1812
632
633
635
633
637
635
666
669
671
637
669
672
674
638
639
641
672
668
675
678
680
671
678
681
683
674
681
684
686
641
684
687
689
642
643
645
687
677
690
693
695
680
693
696
698
683
696
699
701
686
699
702
704
689
702
705
707
645
705
708
710
646
647
649
708
692
712
714
695
712
715
717
698
715
718
720
701
718
721
723
704
721
724
726
707
724
727
729
710
727
730
732
649
730
733
735
650
651
653
733
714
736
739
741
717
739
742
744
720
742
745
747
723
745
748
750
726
748
751
753
729
751
754
756
732
754
757
759
735
757
760
762
653
654
656
760
654
657
738
764
766
741
764
767
769
744
767
770
772
747
770
773
775
750
773
776
778
753
776
779
781
756
779
782
784
759
782
785
787
762
785
788
790
656
788
791
793
657
658
660
791
766
794
796
798
769
796
799
801
772
799
802
804
775
802
805
807
778
805
808
810
781
808
811
813
784
811
814
816
798
817
819
821
801
819
822
824
804
822
825
827
807
825
828
830
810
828
831
833
813
831
834
836
821
837
838
983
824
838
839
984
827
839
840
1818
830
840
841
1820
634
635
637
669
665
637
638
672
640
641
642
687
673
644
645
646
708
688
648
649
650
733
709
652
653
654
734
655
656
657
791
761
659
660
849
792
843
662
815
844
663
861
1813
835
1752
832
1808
666
667
668
671
678
670
671
674
681
673
674
684
676
677
680
693
679
680
683
696
682
683
686
699
685
686
689
702
688
689
705
691
692
695
712
694
695
698
715
697
698
701
718
700
701
704
721
703
704
707
724
706
707
710
727
709
710
730
714
736
713
714
717
739
716
717
720
742
719
720
723
745
722
723
726
748
725
726
729
751
728
729
732
754
731
732
735
757
734
735
760
737
738
741
764
740
741
744
767
743
744
747
770
746
747
750
773
749
750
753
776
752
753
756
779
755
756
759
782
758
759
762
785
761
762
788
766
794
765
766
769
796
768
769
772
799
771
772
775
802
774
775
778
805
777
778
781
808
780
781
784
811
783
784
787
814
786
787
790
866
854
789
790
793
869
855
792
793
856
842
795
798
817
797
798
801
819
800
801
804
822
803
804
807
825
806
807
810
828
809
810
813
831
812
813
816
834
815
854
816
868
818
821
837
820
821
824
838
823
824
827
839
826
827
830
840
829
830
833
841
832
833
836
835
836
1810
980
982
1816
1817
1819
856
858
869
849
851
856
859
861
868
859
862
864
871
858
862
865
1878
851
853
865
1832
852
853
1833
850
851
852
853
857
1831
866
868
866
869
871
857
858
865
870
860
867
861
864
1879
1821
863
870
864
1878
1882
1822
1877
867
868
871
870
871
891
892
894
892
903
909
911
905
909
912
914
907
912
915
917
908
915
918
920
918
922
894
895
897
895
911
925
927
914
925
928
930
917
928
931
933
920
931
934
936
922
934
937
939
897
898
900
898
927
940
942
930
940
943
945
933
943
946
1351
936
946
947
1353
900
1265
891
892
903
893
894
895
911
896
897
898
927
899
900
942
1265
924
937
1355
1357
903
905
909
905
907
912
907
908
915
910
911
914
925
913
914
917
928
916
917
920
931
919
920
922
934
922
924
937
924
948
1355
926
927
930
940
929
930
933
943
932
933
936
946
935
936
939
947
938
939
1357
1364
1269
941
942
945
1376
1273
944
945
1351
1379
1274
1350
1269
1352
1267
1354
956
974
976
984
957
959
961
1000
953
965
966
981
1038
953
971
972
978
979
983
963
964
980
958
962
964
990
965
967
985
1039
977
979
982
968
970
1025
971
973
995
960
970
976
961
975
1776
1005
1775
963
967
1015
964
966
971
966
1050
967
1010
969
973
1030
970
972
978
977
972
973
1020
975
984
1758
976
1758
977
978
979
982
981
983
1066
983
984
1816
986
1010
1097
987
1011
1098
988
1012
1099
989
1013
1100
1014
1101
991
995
1015
992
996
1016
993
997
1017
994
998
1018
999
1019
996
1020
997
1021
998
1022
999
1023
1024
1001
1005
1025
1002
1006
1026
1003
1007
1027
1004
1008
1028
1009
1029
1006
1951
1007
1952
1008
1953
1009
1954
1955
1011
1015
1012
1016
1013
1017
1014
1018
1019
1016
1017
1018
1019
1021
1030
1022
1031
1023
1032
1024
1033
1034
1026
1030
1027
1031
1028
1032
1029
1033
1034
1031
1032
1033
1034
1038
1045
1051
1052
1067
1043
1047
1055
1056
1063
1043
1061
1062
1065
1210
1049
1050
1066
1048
1050
1097
1046
1051
1053
1092
1046
1054
1056
1077
1044
1057
1059
1082
1057
1058
1064
1060
1062
1087
1069
1070
1068
1070
1068
1069
1073
1049
1053
1122
1050
1052
1052
1070
1053
1117
1055
1059
1102
1056
1058
1068
1058
1062
1059
1107
1061
1112
1225
1062
1224
1064
1071
1073
1065
1072
1250
1260
1067
1069
1070
1072
1074
1075
1260
1075
1076
1361
1268
1354
1078
1092
1102
1079
1093
1103
1080
1094
1104
1081
1095
1105
1096
1106
1083
1087
1107
1084
1088
1108
1085
1089
1109
1086
1090
1110
1091
1111
1088
1112
1089
1113
1090
1114
1091
1115
1116
1093
1117
1094
1118
1095
1119
1096
1120
1121
1098
1122
1099
1123
1100
1124
1101
1125
1126
1103
1107
1104
1108
1105
1109
1106
1110
1111
1108
1109
1110
1111
1113
1707
1114
1708
1115
1709
1116
1710
1711
1118
1122
1119
1123
1120
1124
1121
1125
1126
1123
1124
1125
1126
1133
1144
1145
1175
1194
1133
1136
1150
1151
1196
1136
1137
1141
1156
1157
1141
1198
1143
1145
1174
1532
1134
1146
1148
1537
1146
1147
1195
1149
1151
1542
1139
1152
1154
1547
1152
1153
1197
1138
1197
1501
1141
1505
1155
1157
1552
1142
1158
1160
1557
1158
1159
1198
1161
1163
1562
1144
1148
1567
1145
1147
1191
1147
1151
1148
1572
1150
1154
1577
1151
1153
1153
1157
1154
1582
1156
1160
1587
1157
1159
1159
1163
1160
1592
1162
1597
1163
1198
1169
1177
1178
1199
1222
1169
1172
1183
1184
1201
1172
1175
1189
1190
1203
1176
1178
1221
1602
1170
1179
1181
1607
1179
1180
1200
1182
1184
1612
1173
1185
1187
1617
1185
1186
1202
1188
1190
1622
1191
1193
1627
1191
1192
1204
1177
1181
1632
1178
1180
1247
1180
1184
1181
1637
1183
1187
1642
1184
1186
1186
1190
1187
1647
1189
1193
1652
1190
1192
1192
1193
1657
1195
1204
1497
1196
1515
1197
1499
1519
1200
1258
1506
1201
1520
1202
1507
1203
1521
1204
1508
1522
1210
1213
1227
1228
1251
1213
1216
1233
1234
1253
1216
1219
1239
1240
1255
1219
1222
1245
1246
1257
1211
1223
1225
1662
1223
1224
1250
1226
1228
1667
1214
1229
1231
1672
1229
1230
1252
1232
1234
1677
1217
1235
1237
1682
1235
1236
1254
1238
1240
1687
1220
1241
1243
1692
1241
1242
1256
1244
1246
1697
1247
1249
1702
1247
1248
1258
1224
1228
1225
1707
1227
1231
1712
1228
1230
1230
1234
1231
1717
1233
1237
1722
1234
1236
1236
1240
1237
1727
1239
1243
1732
1240
1242
1242
1246
1243
1737
1245
1249
1742
1246
1248
1248
1249
1747
1251
1345
1252
1261
1253
1346
1254
1262
1255
1347
1256
1263
1257
1348
1258
1264
1349
1321
1494
1500
1345
1361
1345
1346
1373
1346
1347
1397
1347
1348
1418
1348
1349
1439
1266
1273
1322
1378
1355
1358
1360
1358
1361
1363
1364
1366
1357
1364
1367
1369
1360
1367
1370
1372
1363
1370
1373
1375
1376
1378
1376
1379
1381
1351
1379
1382
1384
1353
1382
1385
1387
1366
1385
1388
1390
1369
1388
1391
1393
1372
1391
1394
1396
1375
1394
1397
1399
1322
1324
1326
1378
1324
1381
1400
1402
1384
1400
1403
1405
1387
1403
1406
1408
1390
1406
1409
1411
1393
1409
1412
1414
1396
1412
1415
1417
1399
1415
1418
1420
1326
1327
1329
1327
1402
1421
1423
1405
1421
1424
1426
1408
1424
1427
1429
1411
1427
1430
1432
1414
1430
1433
1435
1417
1433
1436
1438
1420
1436
1439
1441
1330
1332
1334
1423
1332
1426
1442
1444
1429
1442
1445
1447
1432
1445
1448
1450
1435
1448
1451
1453
1438
1451
1454
1456
1334
1335
1335
1444
1457
1459
1447
1457
1460
1462
1450
1460
1463
1465
1453
1463
1466
1468
1456
1466
1469
1471
1337
1459
1337
1462
1472
1474
1465
1472
1475
1477
1468
1475
1478
1480
1471
1478
1481
1483
1339
1474
1339
1477
1484
1486
1480
1484
1487
1489
1483
1487
1490
1492
1341
1486
1341
1342
1344
1489
1342
1492
1493
1495
1495
1323
1326
1325
1377
1326
1327
1402
1328
1329
1330
1423
1331
1334
1333
1422
1334
1335
1444
1336
1459
1338
1458
1474
1340
1473
1486
1485
1343
1488
1344
1495
1362
1374
1398
1419
1440
1506
1351
1353
1382
1353
1366
1385
1358
1356
1357
1360
1367
1359
1360
1363
1370
1362
1363
1373
1365
1366
1369
1388
1368
1369
1372
1391
1371
1372
1375
1394
1374
1375
1397
1377
1378
1381
1380
1381
1384
1400
1383
1384
1387
1403
1386
1387
1390
1406
1389
1390
1393
1409
1392
1393
1396
1412
1395
1396
1399
1415
1398
1399
1418
1401
1402
1405
1421
1404
1405
1408
1424
1407
1408
1411
1427
1410
1411
1414
1430
1413
1414
1417
1433
1416
1417
1420
1436
1419
1420
1439
1422
1423
1426
1425
1426
1429
1442
1428
1429
1432
1445
1431
1432
1435
1448
1434
1435
1438
1451
1437
1438
1441
1454
1440
1441
1523
1509
1443
1444
1447
1457
1446
1447
1450
1460
1449
1450
1453
1463
1452
1453
1456
1466
1455
1509
1456
1469
1525
1458
1459
1462
1461
1462
1465
1472
1464
1465
1468
1475
1467
1468
1471
1478
1470
1510
1471
1481
1528
1473
1474
1477
1476
1477
1480
1484
1479
1480
1483
1487
1482
1511
1483
1490
1531
1485
1486
1489
1488
1489
1492
1491
1496
1492
1493
1514
1494
1498
1495
1518
1512
1514
1531
1512
1515
1522
1514
1516
1518
1515
1516
1519
1502
1504
1518
1502
1505
1519
1503
1517
1504
1505
1520
1523
1520
1521
1526
1521
1522
1529
1523
1525
1525
1526
1528
1528
1529
1531
1513
1530
1514
1515
1516
1517
1518
1519
1524
1527
1530
1524
1525
1526
1527
1528
1529
1530
1531
1533
1567
1627
1534
1568
1628
1535
1569
1629
1536
1570
1630
1571
1631
1538
1542
1572
1539
1543
1573
1540
1544
1574
1541
1545
1575
1546
1576
1543
1577
1544
1578
1545
1579
1546
1580
1581
1548
1552
1582
1549
1553
1583
1550
1554
1584
1551
1555
1585
1556
1586
1553
1587
1554
1588
1555
1589
1556
1590
1591
1558
1562
1592
1559
1563
1593
1560
1564
1594
1561
1565
1595
1566
1596
1563
1597
1564
1598
1565
1599
1566
1600
1601
1568
1572
1569
1573
1570
1574
1571
1575
1576
1573
1574
1575
1576
1578
1582
1579
1583
1580
1584
1581
1585
1586
1583
1584
1585
1586
1588
1592
1589
1593
1590
1594
1591
1595
1596
1593
1594
1595
1596
1598
1599
1600
1601
1603
1632
1702
1604
1633
1703
1605
1634
1704
1606
1635
1705
1636
1706
1608
1612
1637
1609
1613
1638
1610
1614
1639
1611
1615
1640
1616
1641
1613
1642
1614
1643
1615
1644
1616
1645
1646
1618
1622
1647
1619
1623
1648
1620
1624
1649
1621
1625
1650
1626
1651
1623
1652
1624
1653
1625
1654
1626
1655
1656
1628
1657
1629
1658
1630
1659
1631
1660
1661
1633
1637
1634
1638
1635
1639
1636
1640
1641
1638
1639
1640
1641
1643
1647
1644
1648
1645
1649
1646
1650
1651
1648
1649
1650
1651
1653
1657
1654
1658
1655
1659
1656
1660
1661
1658
1659
1660
1661
1663
1667
1707
1664
1668
1708
1665
1669
1709
1666
1670
1710
1671
1711
1668
1712
1669
1713
1670
1714
1671
1715
1716
1673
1677
1717
1674
1678
1718
1675
1679
1719
1676
1680
1720
1681
1721
1678
1722
1679
1723
1680
1724
1681
1725
1726
1683
1687
1727
1684
1688
1728
1685
1689
1729
1686
1690
1730
1691
1731
1688
1732
1689
1733
1690
1734
1691
1735
1736
1693
1697
1737
1694
1698
1738
1695
1699
1739
1696
1700
1740
1701
1741
1698
1742
1699
1743
1700
1744
1701
1745
1746
1703
1747
1704
1748
1705
1749
1706
1750
1751
1708
1709
1710
1711
1713
1717
1714
1718
1715
1719
1716
1720
1721
1718
1719
1720
1721
1723
1727
1724
1728
1725
1729
1726
1730
1731
1728
1729
1730
1731
1733
1737
1734
1738
1735
1739
1736
1740
1741
1738
1739
1740
1741
1743
1747
1744
1748
1745
1749
1746
1750
1751
1748
1749
1750
1751
1810
1813
1815
1758
1760
1781
1782
1818
1760
1763
1787
1788
1820
1763
1766
1793
1794
1809
1766
1769
1799
1800
1812
1769
1772
1805
1806
1815
1776
1777
1816
1762
1775
1777
1896
1779
1780
1817
1765
1778
1780
1906
1781
1783
1901
1785
1786
1819
1768
1784
1786
1916
1787
1789
1911
1791
1792
1808
1771
1790
1792
1926
1793
1795
1921
1797
1798
1811
1774
1796
1798
1936
1799
1801
1931
1803
1804
1814
1826
1802
1804
1837
1946
1805
1807
1941
1776
1951
1777
1781
1779
1783
1961
1780
1782
1787
1782
1783
1956
1785
1789
1971
1786
1788
1793
1788
1789
1966
1791
1795
1981
1792
1794
1799
1794
1795
1976
1797
1801
1991
1798
1800
1805
1800
1801
1986
1803
1807
2001
1804
1806
1851
1806
1807
1996
1809
1812
1819
1811
1812
1815
1814
1821
1815
1881
1818
1818
1820
1820
1879
1881
1879
1882
1884
1878
1882
1885
1887
1832
1885
1888
1890
1833
1834
1888
1835
1851
1852
1881
1835
1838
1857
1858
1884
1838
1841
1863
1864
1887
1841
1844
1869
1870
1890
1834
1844
1891
1893
1832
1833
1888
1877
1889
1891
1849
1850
1880
1840
1848
1850
2011
1851
1853
2006
1855
1856
1883
1843
1854
1856
2021
1857
1859
2016
1861
1862
1886
1846
1860
1862
2031
1863
1865
2026
1867
1868
1889
1893
1847
1866
1868
2041
1869
1871
2036
1874
1876
2046
1849
1853
2056
1850
1852
1857
1852
1853
2051
1855
1859
2066
1856
1858
1863
1858
1859
2061
1861
1865
2076
1862
1864
1869
1864
1865
2071
1867
1871
2086
1868
1870
1874
1870
1871
2081
1873
1876
2096
1875
1894
1875
1893
1876
1892
2091
1878
1885
1880
1881
1884
1883
1884
1887
1886
1887
1890
1889
1890
1892
1895
1893
1894
1895
1897
1901
1951
1898
1902
1952
1899
1903
1953
1900
1904
1954
1905
1955
1902
1956
1903
1957
1904
1958
1905
1959
1960
1907
1911
1961
1908
1912
1962
1909
1913
1963
1910
1914
1964
1915
1965
1912
1966
1913
1967
1914
1968
1915
1969
1970
1917
1921
1971
1918
1922
1972
1919
1923
1973
1920
1924
1974
1925
1975
1922
1976
1923
1977
1924
1978
1925
1979
1980
1927
1931
1981
1928
1932
1982
1929
1933
1983
1930
1934
1984
1935
1985
1932
1986
1933
1987
1934
1988
1935
1989
1990
1937
1941
1991
1938
1942
1992
1939
1943
1993
1940
1944
1994
1945
1995
1942
1996
1943
1997
1944
1998
1945
1999
2000
1947
2001
2006
1948
2002
2007
1949
2003
2008
1950
2004
2009
2005
2010
1952
1953
1954
1955
1957
1961
1958
1962
1959
1963
1960
1964
1965
1962
1963
1964
1965
1967
1971
1968
1972
1969
1973
1970
1974
1975
1972
1973
1974
1975
1977
1981
1978
1982
1979
1983
1980
1984
1985
1982
1983
1984
1985
1987
1991
1988
1992
1989
1993
1990
1994
1995
1992
1993
1994
1995
1997
2001
1998
2002
1999
2003
2000
2004
2005
2002
2003
2004
2005
2007
2051
2008
2052
2009
2053
2010
2054
2055
2012
2016
2056
2013
2017
2057
2014
2018
2058
2015
2019
2059
2020
2060
2017
2061
2018
2062
2019
2063
2020
2064
2065
2022
2026
2066
2023
2027
2067
2024
2028
2068
2025
2029
2069
2030
2070
2027
2071
2028
2072
2029
2073
2030
2074
2075
2032
2036
2076
2033
2037
2077
2034
2038
2078
2035
2039
2079
2040
2080
2037
2081
2038
2082
2039
2083
2040
2084
2085
2042
2046
2086
2043
2047
2087
2044
2048
2088
2045
2049
2089
2050
2090
2047
2091
2048
2092
2049
2093
2050
2094
2095
2052
2056
2053
2057
2054
2058
2055
2059
2060
2057
2058
2059
2060
2062
2066
2063
2067
2064
2068
2065
2069
2070
2067
2068
2069
2070
2072
2076
2073
2077
2074
2078
2075
2079
2080
2077
2078
2079
2080
2082
2086
2083
2087
2084
2088
2085
2089
2090
2087
2088
2089
2090
2092
2096
2093
2097
2094
2098
2095
2099
2100
2097
2098
2099
2100
)


// ************************************************************************* //
